#  	Player  	GM  	KI  	MK  	HB  	DI  	DA  	GL  	BH  	HO  	TK  	RB  	IF  	CL  	CG  	FF  	FA  	BR  	CP  	UP  	CM  	MI  	1%  	BO  	GA  	%P  	SU  
30	Milera, Wayne	7	111	40	64	175	25.00	 	 	 	13	39	14	8	15	1	4	 	42	103	3	 	9	4	1	80.3	 
24	Worrell, Josh	7	110	47	61	171	24.43	 	 	 	9	46	14	3	21	4	7	 	44	99	1	 	30	4	 	85.7	 
8	Rachele, Josh	7	100	26	53	153	21.86	10	2	 	23	13	30	29	32	7	10	 	63	83	 	4	4	2	2	81.6	 
3	Berry, Sam	7	77	14	74	151	21.57	1	4	1	45	11	20	36	26	9	8	 	90	74	 	1	11	4	2	74.0	 
25	Peatling, James	7	89	16	51	140	20.00	2	3	 	34	10	22	36	17	11	5	 	67	71	2	 	5	1	5	73.0	 
12	Dawson, Jordan	5	83	21	40	123	24.60	6	 	 	23	14	21	18	16	7	4	 	42	72	2	2	7	1	2	82.0	 
29	Laird, Rory	5	71	36	51	122	24.40	 	 	 	5	16	5	4	13	2	1	 	26	86	 	 	9	1	2	77.2	 
15	Cook, Brayden	7	78	34	42	120	17.14	4	3	 	9	19	16	5	13	3	2	 	37	81	1	3	13	3	6	81.4	 
28	Neal-Bullen, Alex	6	66	23	39	105	17.50	5	5	 	16	6	20	5	23	3	5	 	38	66	1	7	5	 	4	83.2	 
16	Michalanney, Max	7	65	42	37	102	14.57	 	 	 	22	25	6	4	13	5	6	 	31	70	4	1	14	 	2	81.1	 
2	Keays, Ben	7	58	17	42	100	14.29	7	5	 	20	2	17	7	26	4	9	 	37	53	 	6	6	1	7	86.9	 
23	Rankine, Izak	6	64	15	34	98	16.33	7	8	 	20	7	20	12	21	6	7	 	47	49	2	3	10	6	3	80.8	 
7	Thilthorpe, Riley	7	71	41	22	93	13.29	12	10	8	12	1	23	8	16	10	1	 	45	52	14	17	12	2	6	85.9	 
44	Cumming, Isaac	6	59	22	32	91	15.17	4	 	 	21	9	14	6	19	6	5	 	32	61	 	1	13	 	1	78.8	 
9	Murray, Nick	7	59	29	25	84	12.00	1	 	 	13	29	10	2	11	3	5	 	26	53	5	 	53	 	2	92.9	 
42	McAndrew, Lachlan	7	41	11	40	81	11.57	 	1	230	34	6	16	35	21	14	8	 	52	28	3	 	12	 	2	71.7	 
14	Soligo, Jake	5	40	11	31	71	14.20	3	1	 	22	3	13	10	7	5	5	 	31	36	 	4	3	 	7	71.4	 
13	Walker, Taylor	6	46	31	21	67	11.17	11	5	 	13	1	15	 	18	5	8	 	30	42	6	11	11	 	6	78.2	 
41	Butts, Jordon	5	37	25	26	63	12.60	1	1	 	3	17	5	1	12	2	8	 	24	39	4	 	32	 	 	93.2	 
21	Bond, Hugh	5	44	19	16	60	12.00	 	1	 	14	14	3	3	9	1	3	 	16	46	 	1	11	1	 	84.4	 
10	Pedlar, Luke	6	38	15	17	55	9.17	4	3	 	10	4	11	2	13	5	1	 	22	31	 	3	3	 	2	69.7	 
19	Taylor, Zac	5	35	21	20	55	11.00	4	1	 	8	3	14	1	6	4	1	 	17	42	 	3	9	1	2	72.0	 
27	Nankervis, Luke	3	18	6	18	36	12.00	 	1	 	5	3	3	2	6	2	2	 	11	24	1	 	3	 	 	60.3	 
1	Jones, Chayce	3	19	7	16	35	11.67	 	 	 	5	8	2	 	3	2	1	 	14	14	 	 	2	 	 	85.0	 
36	Maley, Finnbar	5	16	15	19	35	7.00	3	2	28	12	1	6	2	9	3	6	 	19	18	7	6	10	 	2	62.2	 
11	Edwards, Charlie	2	20	6	10	30	15.00	 	1	 	4	 	5	5	8	 	3	 	11	23	 	 	4	1	1	73.0	 
32	Fogarty, Darcy	3	18	10	8	26	8.67	4	2	 	8	 	4	 	13	1	4	 	12	14	 	5	3	 	2	76.0	 
4	Ah Chee, Callum	2	9	7	11	20	10.00	 	2	 	2	1	4	3	3	1	2	 	9	14	 	1	5	 	 	64.5	 
39	Murray, Toby	2	10	6	3	13	6.50	 	 	13	2	1	 	 	4	2	 	 	5	8	 	2	2	 	 	45.0	 
35	Borlase, James	2	8	4	3	11	5.50	 	1	 	4	3	1	 	1	1	 	 	5	5	2	 	31	 	 	90.0	 
20	Hinge, Mitch	1	6	1	4	10	10.00	 	 	 	1	1	1	1	 	1	 	 	4	4	 	 	1	 	 	37.0	 
43	OBrien, Reilly	1	2	1	1	3	3.00	 	 	15	1	 	 	2	2	1	 	 	2	1	 	 	2	 	 	35.0	 
32 players used	1568	619	931	2499	15.52	89	62	295	433	313	355	250	417	131	131	 	951	1462	58	81	345	32	69	 	 
[Top]
Brisbane Lions [Players Game by Game][Team Game by Game]
#  	Player  	GM  	KI  	MK  	HB  	DI  	DA  	GL  	BH  	HO  	TK  	RB  	IF  	CL  	CG  	FF  	FA  	BR  	CP  	UP  	CM  	MI  	1%  	BO  	GA  	%P  	SU  
9	Neale, Lachie	7	102	45	116	218	31.14	 	2	 	15	12	33	54	16	3	1	 	94	121	3	1	7	2	4	85.4	 
8	Ashcroft, Will	7	116	34	83	199	28.43	3	2	 	26	12	30	39	32	6	8	 	64	127	1	3	3	5	2	84.1	 
44	Wilmot, Darcy	7	110	43	35	145	20.71	 	1	 	8	23	14	12	10	4	2	 	37	83	2	 	16	1	 	85.9	 
10	Ashcroft, Levi	7	87	44	57	144	20.57	1	5	 	10	10	13	8	9	3	1	 	39	108	1	1	8	1	3	78.4	 
5	Dunkley, Josh	7	62	33	82	144	20.57	 	2	 	40	7	17	17	16	3	6	 	59	80	4	1	12	 	2	78.6	 
3	Fletcher, Jaspa	7	91	44	43	134	19.14	2	 	 	15	18	19	5	16	3	7	 	30	98	 	 	10	4	2	84.0	 
15	Zorko, Dayne	5	99	34	26	125	25.00	2	 	 	9	27	17	6	10	4	 	 	24	83	 	 	5	2	3	73.2	 
33	Bailey, Zac	6	77	31	47	124	20.67	10	7	 	17	10	21	23	17	4	9	 	46	83	 	3	5	1	8	86.3	 
18	Coleman, Keidean	7	86	44	38	124	17.71	2	 	 	9	12	20	1	10	5	1	 	33	83	3	2	11	1	3	79.1	 
35	Lester, Ryan	7	85	55	30	115	16.43	 	 	 	8	21	13	1	15	3	3	 	29	82	4	 	27	 	1	89.9	 
7	Berry, Jarrod	6	71	31	43	114	19.00	1	2	 	18	13	17	13	13	9	4	 	38	76	 	2	8	 	5	68.5	 
38	Reville, Bruce	7	75	34	30	105	15.00	3	5	 	9	8	26	11	9	1	4	 	32	74	1	5	4	1	2	71.9	 
16	Rayner, Cam	7	59	28	41	100	14.29	8	12	 	14	4	24	16	21	6	6	 	47	56	3	12	8	 	3	83.4	 
23	Cameron, Charlie	7	73	27	15	88	12.57	16	3	 	23	5	19	8	23	11	6	 	31	49	 	8	7	4	8	80.9	 
11	McCarthy, Lincoln	6	65	33	20	85	14.17	6	3	 	11	8	16	6	21	5	9	 	30	53	4	5	2	 	5	78.0	 
13	Morris, Logan	6	60	29	20	80	13.33	13	10	 	7	 	16	2	13	10	2	 	31	44	5	18	4	 	7	81.0	 
1	Lohmann, Kai	7	43	20	31	74	10.57	12	6	 	20	 	17	14	21	7	8	 	38	39	4	10	6	2	5	80.1	 
32	Fort, Darcy	6	45	20	28	73	12.17	2	 	95	12	9	10	21	19	7	12	 	42	31	5	1	14	 	 	65.0	 
31	Andrews, Harris	4	43	31	28	71	17.75	 	 	 	3	9	3	 	5	2	2	 	27	40	6	 	33	 	2	94.3	 
2	Draper, Sam	6	50	18	13	63	10.50	4	4	93	7	6	13	22	28	8	15	 	44	17	8	7	14	 	2	68.3	 
4	Allen, Oscar	7	49	28	11	60	8.57	12	7	10	8	5	12	3	12	7	6	 	19	40	4	11	3	1	4	77.1	 
22	Gallop, Ty	7	47	30	7	54	7.71	 	2	1	11	11	10	1	10	5	4	 	21	34	5	1	30	 	1	83.6	 
6	McCluggage, Hugh	4	34	18	19	53	13.25	3	3	 	12	4	7	6	11	 	2	 	21	34	1	4	4	 	 	51.5	 
29	Tunstill, James	3	22	18	15	37	12.33	1	2	 	 	2	3	2	3	 	 	 	11	26	1	3	2	 	1	73.0	 
43	Answerth, Noah	3	25	12	8	33	11.00	 	 	 	5	6	2	1	8	 	4	 	7	25	 	 	9	 	 	71.0	 
27	Gardiner, Darcy	2	16	11	7	23	11.50	 	 	 	 	4	1	 	5	1	3	 	10	14	2	 	9	 	 	78.0	 
21	Zakostelsky, Zane	3	16	12	6	22	7.33	1	 	20	5	4	 	2	3	3	2	 	9	14	1	1	10	 	 	55.0	 
14	Annable, Daniel	1	10	4	3	13	13.00	 	 	 	1	 	2	 	2	1	 	 	2	11	 	 	 	 	1	60.0	 
26	McKenna, Conor	1	8	1	3	11	11.00	2	1	 	 	2	4	1	 	1	 	 	7	4	 	 	1	1	1	75.0	 
41	Joyce, Darragh	1	9	7	1	10	10.00	 	 	 	 	4	 	 	 	 	 	 	 	10	 	 	3	 	 	85.0	 
30 players used	1735	819	906	2641	16.40	104	79	219	323	256	399	295	378	122	127	 	922	1639	68	99	275	26	75	 	 
[Top]
Carlton [Players Game by Game][Team Game by Game]
#  	Player  	GM  	KI  	MK  	HB  	DI  	DA  	GL  	BH  	HO  	TK  	RB  	IF  	CL  	CG  	FF  	FA  	BR  	CP  	UP  	CM  	MI  	1%  	BO  	GA  	%P  	SU  
18	Walsh, Sam	7	90	26	111	201	28.71	2	3	 	40	15	39	27	27	8	10	 	75	125	 	1	12	5	2	79.6	 
9	Cripps, Patrick	7	66	14	112	178	25.43	2	7	1	40	6	24	52	37	15	17	 	109	77	2	2	11	 	2	80.6	 
7	Smith, Jagga	7	71	20	88	159	22.71	2	1	 	20	7	25	21	20	6	5	 	54	110	1	1	4	3	2	74.3	 
14	Florent, Oliver	7	107	34	44	151	21.57	1	 	 	15	37	18	12	20	2	4	 	43	87	2	 	5	3	 	84.4	 
6	Williams, Zac	6	68	13	42	110	18.33	2	2	 	22	20	15	19	10	4	4	 	49	54	1	1	6	5	1	70.7	 
4	Hollands, Oliver	6	69	36	38	107	17.83	1	1	 	17	24	11	7	21	5	5	 	29	71	1	 	5	2	5	88.0	 
12	Ainsworth, Ben	7	57	29	49	106	15.14	7	3	 	11	3	17	5	17	2	1	 	24	84	1	3	1	 	5	78.6	 
32	Carroll, Matt	6	63	25	37	100	16.67	5	2	 	6	13	21	2	11	2	3	 	37	59	5	5	13	3	2	79.3	 
20	Hollands, Elijah	6	53	17	40	93	15.50	5	1	 	8	7	16	4	17	6	6	 	35	59	2	1	4	 	2	74.5	 
2	Cowan, Lachlan	6	59	25	32	91	15.17	 	 	 	11	21	11	3	16	1	6	 	21	63	2	 	12	2	1	77.7	 
27	Pittonet, Marc	6	42	8	45	87	14.50	6	1	153	17	8	6	33	20	13	7	 	62	22	4	1	13	 	1	72.5	 
5	Cerra, Adam	4	39	10	46	85	21.25	1	1	 	20	4	12	15	18	5	5	 	40	49	 	 	1	1	1	74.0	 
19	Hayward, Will	6	52	30	33	85	14.17	3	5	 	15	 	20	 	16	4	5	 	26	59	4	4	2	1	2	75.8	 
23	Weitering, Jacob	6	59	37	26	85	14.17	 	 	2	5	19	1	 	8	4	2	 	34	48	5	 	48	 	 	90.0	 
24	Newman, Nic	4	66	23	18	84	21.00	1	 	 	10	17	6	3	2	2	 	 	12	52	2	1	3	1	 	79.8	 
29	Hewett, George	4	36	18	46	82	20.50	1	2	 	21	2	7	15	11	6	5	 	40	46	2	 	4	 	1	73.5	 
11	McGovern, Mitch	7	56	21	21	77	11.00	15	3	 	18	6	14	1	12	10	3	 	34	40	3	7	20	2	3	77.3	 
17	Kemp, Brodie	7	49	33	27	76	10.86	11	7	 	14	3	11	1	18	3	7	 	21	56	5	14	7	 	2	85.7	 
10	McKay, Harry	6	56	35	16	72	12.00	8	9	 	9	2	13	 	20	9	9	 	40	34	10	11	8	 	1	91.5	 
33	Young, Lewis	7	40	23	32	72	10.29	 	 	14	8	19	7	4	17	2	7	 	32	36	7	 	55	 	 	87.1	 
36	Lord, Cooper	3	33	8	31	64	21.33	1	2	 	8	7	11	5	8	4	2	 	21	44	 	 	2	 	2	72.3	 
44	Evans, Francis	5	37	9	24	61	12.20	3	4	 	22	7	14	3	13	2	8	 	18	42	 	3	5	1	5	74.8	 
26	Haynes, Nick	3	39	20	16	55	18.33	 	 	 	5	14	4	2	10	1	4	 	15	38	1	 	9	2	1	89.3	 
35	Dean, Harry	5	32	16	18	50	10.00	 	 	 	4	13	3	2	8	5	2	 	16	38	1	 	29	 	 	77.6	 
31	Chesser, Campbell	3	23	12	23	46	15.33	 	1	 	10	5	4	2	10	1	2	 	10	36	 	 	5	 	1	77.7	 
39	Byrne, Talor	5	18	12	17	35	7.00	1	2	 	10	2	6	2	8	4	4	 	17	21	2	2	8	1	1	66.6	 
37	Boyd, Jordan	2	26	10	3	29	14.50	 	 	 	6	7	3	 	3	 	 	 	4	17	 	 	5	2	 	73.0	 
47	Derksen, Wade	2	15	8	6	21	10.50	 	 	 	2	3	1	1	8	 	3	 	5	15	 	 	16	 	 	86.5	 
8	Fogarty, Lachie	2	6	1	14	20	10.00	 	1	 	3	2	 	1	2	1	1	 	11	11	 	 	3	 	1	68.5	 
25	Reidy, Liam	2	7	3	13	20	10.00	 	1	39	6	2	3	4	2	1	2	 	11	9	1	1	5	 	 	70.0	 
43	Moir, Ashton	2	10	5	7	17	8.50	3	 	 	4	 	 	2	2	1	1	 	4	10	 	3	1	 	 	73.5	 
40	OKeeffe, Hudson	3	8	3	9	17	5.67	 	1	24	4	 	5	3	8	2	3	 	11	8	1	1	6	 	 	47.3	 
42	Saad, Adam	1	5	1	6	11	11.00	 	 	 	 	5	 	 	 	 	 	 	5	3	 	 	5	10	 	64.0	 
46	Cottrell, Matthew	1	5	1	5	10	10.00	 	 	 	2	2	1	1	1	1	 	 	3	7	 	 	3	 	 	73.0	 
34 players used	1462	586	1095	2557	15.88	81	60	233	413	302	349	252	421	132	143	 	968	1530	65	62	336	44	44	 	 
[Top]
Collingwood [Players Game by Game][Team Game by Game]
#  	Player  	GM  	KI  	MK  	HB  	DI  	DA  	GL  	BH  	HO  	TK  	RB  	IF  	CL  	CG  	FF  	FA  	BR  	CP  	UP  	CM  	MI  	1%  	BO  	GA  	%P  	SU  
35	Daicos, Nick	6	123	35	99	222	37.00	5	12	 	12	15	50	35	26	9	3	 	65	145	1	1	2	11	6	87.5	 
7	Daicos, Josh	7	131	48	75	206	29.43	 	1	 	15	31	28	11	17	5	6	 	43	143	 	1	5	3	1	82.4	 
9	Houston, Dan	7	117	60	59	176	25.14	1	3	 	13	38	16	8	23	3	6	 	35	111	1	2	14	2	1	79.6	 
25	Crisp, Jack	7	83	55	80	163	23.29	3	1	 	24	13	24	5	18	2	1	 	52	111	3	2	9	3	2	78.4	 
10	Pendlebury, Scott	6	58	35	83	141	23.50	2	 	 	16	4	14	20	9	4	1	 	49	93	1	1	8	 	9	66.8	 
1	Lipinski, Patrick	7	63	32	74	137	19.57	2	5	 	19	11	20	9	15	5	5	 	32	103	1	3	6	 	4	80.4	 
4	Maynard, Brayden	7	101	47	36	137	19.57	 	1	 	22	28	16	1	19	5	7	 	38	96	4	1	38	 	2	83.3	 
12	Perryman, Harry	7	76	39	53	129	18.43	 	2	 	19	17	14	3	16	3	5	 	31	92	3	 	16	2	1	81.1	 
3	Quaynor, Isaac	7	84	46	42	126	18.00	 	 	 	13	23	8	3	14	4	4	 	26	96	2	 	26	4	1	84.1	 
14	Cameron, Darcy	7	65	26	46	111	15.86	1	2	133	22	8	8	31	18	19	8	 	70	36	9	3	8	 	3	78.3	 
8	Schultz, Lachie	7	60	36	47	107	15.29	7	5	 	32	2	19	3	16	8	4	 	40	70	4	9	5	 	2	79.6	 
22	Sidebottom, Steele	6	58	33	49	107	17.83	1	1	 	8	13	12	14	16	2	4	 	31	74	2	 	5	4	2	75.5	 
31	McCreery, Beau	7	59	18	43	102	14.57	6	3	 	29	6	25	10	19	4	8	 	35	64	 	3	7	8	5	76.1	 
44	Long, Ned	6	36	13	61	97	16.17	2	4	 	40	3	13	13	16	3	6	 	37	56	1	2	2	 	2	71.8	 
45	Steele, Roan	7	52	21	41	93	13.29	6	2	 	13	7	19	6	10	3	2	 	25	62	 	2	7	 	3	76.9	 
17	Frampton, Billy	7	63	50	28	91	13.00	 	 	 	8	21	3	 	14	8	9	 	28	66	4	 	50	 	 	95.3	 
2	de Goey, Jordan	6	48	20	38	86	14.33	7	1	 	11	4	18	8	11	3	3	 	27	58	2	1	6	 	5	71.3	 
38	Howe, Jeremy	5	65	39	13	78	15.60	 	 	 	5	16	3	 	11	5	4	 	18	51	5	 	30	 	2	88.6	 
5	Elliott, Jamie	7	47	23	30	77	11.00	10	4	 	9	 	14	5	20	4	6	 	26	47	1	9	6	 	4	81.3	 
28	Membrey, Tim	7	37	31	29	66	9.43	9	6	 	6	 	7	 	9	1	4	 	20	50	4	14	9	 	3	82.0	 
11	McStay, Daniel	7	39	33	20	59	8.43	12	5	6	13	 	14	3	18	3	6	 	24	35	10	17	7	 	2	79.1	 
41	Anderson, Angus	3	33	10	14	47	15.67	3	2	 	15	3	10	5	9	3	1	 	17	28	 	2	2	 	2	68.0	 
16	Allan, Edward	4	19	11	23	42	10.50	 	1	 	12	5	4	2	9	1	4	 	16	29	 	 	5	2	 	65.3	 
21	Steene, Oscar	5	13	12	27	40	8.00	3	 	58	6	 	3	7	7	8	1	 	26	13	4	4	5	 	 	61.2	 
15	Parker, Wil	2	11	3	9	20	10.00	 	 	 	 	5	3	 	5	1	3	 	7	12	 	 	8	 	 	78.0	 
39	Hayes, Will	3	10	6	8	18	6.00	2	 	 	2	2	4	 	2	2	 	 	5	15	 	1	1	 	1	64.7	 
34	Buller, Jack	2	7	2	7	14	7.00	 	 	 	4	 	1	 	4	2	1	 	5	9	 	 	 	 	 	72.0	 
33	Sullivan, Lachlan	1	5	1	6	11	11.00	1	1	 	 	1	5	 	2	 	 	 	2	9	 	 	1	 	2	73.0	 
30	Moore, Darcy	1	5	6	2	7	7.00	 	 	 	 	4	 	 	2	 	1	 	1	5	1	 	 	 	 	61.0	 
29 players used	1568	791	1142	2710	16.83	83	62	197	388	280	375	202	375	120	113	 	831	1779	63	78	288	39	65	 	 
[Top]
Essendon [Players Game by Game][Team Game by Game]
#  	Player  	GM  	KI  	MK  	HB  	DI  	DA  	GL  	BH  	HO  	TK  	RB  	IF  	CL  	CG  	FF  	FA  	BR  	CP  	UP  	CM  	MI  	1%  	BO  	GA  	%P  	SU  
21	Roberts, Archie	7	157	51	68	225	32.14	1	 	 	6	43	24	10	22	6	6	 	49	151	2	 	6	8	4	82.6	 
7	Merrett, Zach	7	104	32	80	184	26.29	4	3	 	34	21	28	23	15	11	5	 	61	119	1	2	7	8	4	82.6	 
3	Parish, Darcy	7	80	24	90	170	24.29	 	 	 	19	7	35	39	18	6	6	 	70	99	1	 	3	1	6	74.7	 
6	Caldwell, Jye	7	72	21	69	141	20.14	5	5	 	39	9	21	28	26	6	7	 	57	87	1	2	4	2	4	74.3	 
1	McGrath, Andrew	7	66	29	75	141	20.14	1	 	 	18	21	19	10	6	6	3	 	44	88	1	 	6	7	5	81.4	 
22	Durham, Sam	7	60	22	63	123	17.57	5	 	 	26	11	27	16	31	7	15	 	44	84	3	2	4	5	6	78.1	 
4	Langford, Kyle	7	69	31	49	118	16.86	3	4	1	16	14	13	5	22	4	6	 	37	77	4	4	12	2	2	84.1	 
28	Duursma, Xavier	7	50	35	60	110	15.71	6	1	 	12	7	5	5	15	7	1	 	39	70	4	4	5	4	1	76.4	 
25	Prior, Jaxon	6	73	33	35	108	18.00	 	 	 	13	20	11	2	9	5	2	 	29	71	 	 	13	4	1	82.7	 
31	Reid, Zach	7	66	45	32	98	14.00	 	 	 	10	19	 	1	13	5	6	 	19	66	1	 	22	 	 	84.7	 
2	Farrow, Jacob	5	65	41	27	92	18.40	 	1	 	7	20	6	2	9	2	2	 	14	68	1	 	1	4	1	77.4	 
20	Wright, Peter	7	53	30	32	85	12.14	6	5	80	8	8	8	11	20	10	10	 	45	45	4	10	22	 	1	80.6	 
40	Johnson, Zak	4	42	22	32	74	18.50	 	 	 	1	12	2	1	6	 	 	 	9	55	 	1	7	2	 	77.5	 
10	Kako, Isaac	6	35	11	37	72	12.00	7	4	 	8	2	17	6	14	3	6	 	33	36	1	6	7	5	2	80.7	 
5	Tsatas, Elijah	3	29	14	43	72	24.00	1	 	 	4	5	8	11	3	 	1	 	23	49	 	 	1	1	1	70.3	 
32	McKay, Ben	7	36	36	33	69	9.86	 	 	 	8	18	 	 	13	 	4	 	20	46	7	 	26	1	 	96.7	 
30	Caddy, Nate	6	45	20	20	65	10.83	12	13	 	8	 	10	1	15	7	3	 	22	45	1	10	2	2	5	90.2	 
41	El-Hawli, Saad	4	38	13	25	63	15.75	2	2	 	8	6	5	4	8	5	2	 	21	41	 	 	5	2	 	72.8	 
46	Blakiston, Lachlan	7	29	12	30	59	8.43	1	1	96	15	9	8	15	26	11	16	 	38	27	1	2	16	1	1	78.9	 
44	Day-Wicks, Archer	5	33	15	26	59	11.80	3	1	 	23	7	13	3	19	5	5	 	18	45	1	3	9	1	1	80.6	 
16	Perkins, Archie	4	25	14	25	50	12.50	2	2	 	6	1	8	 	7	3	 	 	13	36	2	4	 	4	1	71.3	 
11	Gresham, Jade	4	28	11	17	45	11.25	6	3	 	9	 	4	2	4	5	3	 	13	31	 	3	1	 	2	76.0	 
14	Ridley, Jordan	2	26	18	11	37	18.50	 	 	 	1	2	3	1	2	 	 	 	6	28	 	 	3	 	1	59.0	 
45	Edwards, Tom	4	27	11	9	36	9.00	6	3	 	8	 	8	1	8	4	3	 	15	20	3	3	5	 	3	73.3	 
8	Fiorini, Brayden	2	12	6	18	30	15.00	2	1	 	1	2	4	1	5	1	 	 	8	22	 	1	3	1	2	81.5	 
26	May, Archie	6	26	20	4	30	5.00	6	4	4	17	1	10	1	8	2	4	 	19	12	10	10	9	1	2	66.8	 
27	Redman, Mason	2	24	9	6	30	15.00	 	 	 	2	9	2	 	 	1	 	 	3	15	1	 	3	4	 	53.0	 
9	Robey, Sullivan	3	14	6	15	29	9.67	2	 	 	7	 	7	1	10	1	3	 	10	22	 	1	1	 	1	72.7	 
29	Kondogiannis, Max	2	9	5	18	27	13.50	 	 	 	2	3	2	1	3	1	2	 	8	20	 	 	4	 	 	75.5	 
42	Nguyen, Jayden	2	5	3	21	26	13.00	 	 	 	 	4	1	1	1	2	 	 	6	20	 	 	1	 	 	81.0	 
15	Sharp, Dyson	3	11	7	10	21	7.00	2	 	 	5	 	 	1	3	2	 	 	7	15	1	2	2	 	 	54.7	 
35	Guelfi, Matt	2	4	 	10	14	7.00	 	1	 	4	 	3	 	2	 	1	 	9	5	 	 	4	 	 	69.0	 
33	El Achkar, Hussien	2	6	 	7	13	6.50	1	 	 	3	 	2	1	1	1	 	 	8	5	 	 	 	2	2	74.0	 
33 players used	1419	647	1097	2516	15.63	84	54	181	348	281	314	204	364	129	122	 	817	1620	51	70	214	72	59	 	 
[Top]
Fremantle [Players Game by Game][Team Game by Game]
#  	Player  	GM  	KI  	MK  	HB  	DI  	DA  	GL  	BH  	HO  	TK  	RB  	IF  	CL  	CG  	FF  	FA  	BR  	CP  	UP  	CM  	MI  	1%  	BO  	GA  	%P  	SU  
3	Serong, Caleb	7	106	20	74	180	25.71	5	3	 	27	13	30	45	25	7	5	 	90	89	 	1	4	1	4	80.9	 
10	Bolton, Shai	7	88	17	80	168	24.00	9	5	 	25	7	39	27	26	3	8	 	70	105	1	 	7	16	9	81.9	 
6	Clark, Jordan	7	115	37	53	168	24.00	1	 	 	14	43	21	9	16	5	3	 	37	105	 	 	13	6	5	82.3	 
16	Reid, Murphy	7	82	26	81	163	23.29	3	7	 	18	4	23	11	21	5	4	 	51	110	 	1	4	6	9	82.1	 
8	Brayshaw, Andrew	7	76	16	83	159	22.71	3	3	 	49	9	22	30	25	9	10	 	54	107	 	2	14	5	2	77.7	 
34	Wagner, Corey	7	87	29	49	136	19.43	 	1	 	14	22	22	11	17	1	3	 	43	93	 	2	10	4	1	77.9	 
9	Jackson, Luke	7	50	18	85	135	19.29	6	8	187	41	8	10	37	26	11	12	 	80	57	6	2	12	 	3	78.7	 
28	Erasmus, Neil	7	63	26	67	130	18.57	1	4	 	13	20	17	13	26	3	4	 	50	83	1	3	6	1	3	75.9	 
5	Chapman, Heath	7	85	37	43	128	18.29	 	1	 	10	24	19	3	16	2	7	 	27	90	2	1	25	 	3	84.6	 
13	Ryan, Luke	6	104	43	19	123	20.50	 	1	 	10	33	10	1	12	4	7	 	18	75	3	1	23	 	 	87.8	 
17	McVee, Judd	7	71	32	47	118	16.86	 	 	 	6	25	7	9	15	1	1	 	43	67	3	 	14	7	1	80.3	 
23	Worner, Karl	7	71	41	47	118	16.86	 	 	 	19	27	5	2	17	6	8	 	27	82	1	 	16	4	 	79.0	 
44	Johnson, Matthew	7	52	14	62	114	16.29	3	1	 	22	8	21	12	20	2	7	 	35	78	1	 	6	3	5	72.6	 
35	Treacy, Josh	7	61	47	27	88	12.57	16	8	 	19	 	23	1	21	11	11	 	51	45	19	20	15	 	5	88.7	 
39	Switkowski, Sam	7	29	14	53	82	11.71	2	4	 	18	1	19	3	5	4	 	 	34	49	3	1	5	 	5	71.1	 
20	Voss, Patrick	6	46	23	26	72	12.00	7	12	 	20	2	6	 	19	7	11	 	30	44	3	13	8	 	1	89.3	 
24	Amiss, Jye	7	50	37	21	71	10.14	17	9	 	4	 	9	1	6	7	1	 	30	44	9	24	14	1	4	88.4	 
43	Dudley, Isaiah	7	40	13	27	67	9.57	10	5	 	21	3	10	3	16	5	7	 	27	42	 	5	2	1	6	70.6	 
36	Cox, Brennan	5	45	29	20	65	13.00	 	 	 	11	13	2	1	10	6	4	 	16	46	4	 	39	 	1	78.0	 
25	Pearce, Alex	7	36	28	26	62	8.86	 	 	 	9	15	5	2	14	3	5	 	34	31	9	 	32	2	 	75.4	 
26	Young, Hayden	3	31	14	29	60	20.00	1	1	1	7	2	15	12	5	1	1	 	25	37	 	 	4	2	3	71.7	 
2	OMeara, Jaeger	3	26	9	25	51	17.00	 	1	 	9	4	8	5	4	2	1	 	17	34	 	1	1	 	2	73.7	 
45	Scerri, Chris	4	6	4	35	41	10.25	 	1	 	4	1	6	 	5	1	3	 	19	22	 	1	2	5	 	67.8	 
4	Darcy, Sean	5	13	7	23	36	7.20	1	1	93	9	 	8	7	11	4	7	 	24	11	2	1	8	 	1	44.4	 
30	ODriscoll, Nathan	2	10	6	21	31	15.50	1	1	 	5	 	7	2	3	 	 	 	16	17	 	 	5	 	1	79.5	 
21	McDonald, Oscar	2	14	8	10	24	12.00	 	 	 	4	6	1	 	5	1	 	 	6	15	1	 	12	 	 	90.0	 
32	Frederick, Michael	2	12	8	6	18	9.00	2	1	 	4	 	3	 	4	1	1	 	4	14	 	4	1	1	1	66.5	 
14	Sharp, Jeremy	1	8	8	6	14	14.00	2	 	 	1	 	1	 	 	 	 	 	1	13	 	2	 	 	 	71.0	 
18	Cox, Mason	2	8	6	4	12	6.00	2	1	21	5	1	 	3	7	 	3	 	8	5	5	4	6	 	 	70.0	 
31	Walker, Brandon	1	5	 	5	10	10.00	 	 	 	1	2	1	1	 	1	 	 	3	7	 	 	3	 	 	91.0	 
30 players used	1490	617	1154	2644	16.42	92	79	302	419	293	370	251	397	113	134	 	970	1617	73	89	311	65	75	 	 
[Top]
Geelong [Players Game by Game][Team Game by Game]
#  	Player  	GM  	KI  	MK  	HB  	DI  	DA  	GL  	BH  	HO  	TK  	RB  	IF  	CL  	CG  	FF  	FA  	BR  	CP  	UP  	CM  	MI  	1%  	BO  	GA  	%P  	SU  
3	Smith, Bailey	7	150	36	74	224	32.00	3	1	 	36	15	53	38	30	13	3	 	80	132	 	3	13	4	8	83.7	 
9	Holmes, Max	7	125	42	77	202	28.86	1	2	 	25	32	36	24	27	5	9	 	62	125	 	 	3	12	8	80.0	 
4	Bruhn, Tanner	7	99	37	65	164	23.43	 	6	 	24	17	25	19	19	9	4	 	40	114	 	1	5	9	5	71.3	 
44	Stewart, Tom	7	120	37	33	153	21.86	1	 	 	12	48	6	3	19	8	4	 	39	76	 	 	34	4	1	82.3	 
30	Atkins, Tom	7	56	12	81	137	19.57	 	 	 	54	8	25	27	19	13	7	 	81	56	 	 	6	 	3	73.0	 
17	Humphries, Lawson	7	94	45	37	131	18.71	1	 	 	17	24	14	3	17	4	1	 	29	91	2	1	16	2	 	82.0	 
28	Dempsey, Oliver	7	59	35	67	126	18.00	8	4	 	11	8	17	6	14	5	4	 	38	82	4	5	4	1	2	84.3	 
32	Miers, Gryan	5	71	31	48	119	23.80	 	3	 	17	11	21	6	10	6	 	 	24	95	 	1	2	 	3	79.8	 
14	OSullivan, Connor	7	71	48	45	116	16.57	 	1	 	12	26	7	 	21	10	8	 	38	74	5	 	34	 	1	89.6	 
39	Guthrie, Zach	7	67	35	43	110	15.71	 	 	 	22	15	4	4	11	7	3	 	33	77	1	 	19	1	1	75.9	 
7	Mannagh, Shaun	7	76	15	22	98	14.00	6	4	 	17	3	30	12	17	8	1	 	36	58	2	4	5	2	4	83.1	 
5	Cameron, Jeremy	6	73	44	17	90	15.00	20	12	1	12	 	16	 	18	3	4	 	23	64	7	21	5	 	1	91.8	 
46	Blicavs, Mark	6	37	15	47	84	14.00	1	2	69	23	4	9	15	12	6	5	 	40	39	3	2	20	 	3	66.7	 
34	Mullin, Oisin	7	45	27	38	83	11.86	 	2	 	23	9	10	12	11	7	3	 	27	56	 	1	5	 	1	79.9	 
16	De Koning, Sam	6	40	36	38	78	13.00	1	 	13	12	13	5	4	16	2	4	 	30	44	8	 	34	 	1	72.7	 
12	Bowes, Jack	4	40	18	37	77	19.25	3	3	 	11	2	17	4	15	2	3	 	22	54	1	2	3	2	5	72.0	 
19	Martin, Jack	6	49	30	26	75	12.50	7	6	 	15	2	9	5	15	8	4	 	28	48	2	13	4	 	4	74.0	 
42	OConnor, Mark	5	37	19	34	71	14.20	3	1	 	15	6	9	7	9	2	1	 	29	44	 	1	7	 	1	75.4	 
33	Neale, Shannon	7	40	22	25	65	9.29	15	7	41	18	 	12	7	18	7	8	 	46	26	12	14	16	 	2	88.7	 
29	Worpel, James	4	33	9	32	65	16.25	2	2	 	25	5	17	22	12	3	8	 	31	35	 	1	3	 	1	69.3	 
36	Henry, Oliver	6	42	13	17	59	9.83	9	2	 	8	 	15	1	15	9	5	 	26	35	1	8	3	 	4	85.5	 
38	Henry, Jack	5	41	27	15	56	11.20	1	 	 	4	9	2	 	5	3	4	 	21	35	3	 	31	 	 	88.6	 
11	Edwards, Mitchell	6	16	3	29	45	7.50	 	1	112	11	1	7	15	18	12	9	 	33	12	2	 	13	 	 	58.3	 
21	Wiltshire, Oliver	4	24	7	15	39	9.75	2	3	 	4	2	10	2	7	1	3	 	12	25	1	2	3	4	1	72.8	 
45	Close, Brad	5	18	8	19	37	7.40	3	3	 	9	 	8	1	6	3	4	 	14	22	2	5	6	 	3	80.6	 
13	Clark, Jhye	3	18	5	17	35	11.67	2	1	 	7	 	8	4	15	3	4	 	17	18	1	2	3	 	 	62.0	 
35	Dangerfield, Patrick	3	14	9	13	27	9.00	4	3	 	2	 	3	3	5	3	1	 	15	13	3	8	 	 	3	67.3	 
8	Kolodjashnij, Jake	2	15	7	11	26	13.00	1	 	 	1	3	4	 	8	 	3	 	8	18	2	 	11	1	 	74.5	 
10	Knevitt, Mitch	1	6	3	5	11	11.00	1	1	 	 	 	1	 	1	2	1	 	5	6	1	1	 	 	1	77.0	 
29 players used	1576	675	1027	2603	16.17	95	70	236	447	263	400	244	410	164	118	 	927	1574	63	96	308	42	67	 	 
[Top]
Gold Coast [Players Game by Game][Team Game by Game]
#  	Player  	GM  	KI  	MK  	HB  	DI  	DA  	GL  	BH  	HO  	TK  	RB  	IF  	CL  	CG  	FF  	FA  	BR  	CP  	UP  	CM  	MI  	1%  	BO  	GA  	%P  	SU  
11	Miller, Touk	7	77	25	102	179	25.57	4	2	 	27	16	31	25	19	2	3	 	56	123	1	2	5	3	3	80.0	 
2	Noble, John	7	97	32	74	171	24.43	3	1	 	12	38	16	2	13	5	4	 	26	119	 	 	9	4	1	80.9	 
6	Uwland, Bodhi	7	110	43	57	167	23.86	 	1	 	12	32	10	6	19	7	3	 	36	93	2	 	26	1	1	88.7	 
15	Anderson, Noah	6	90	24	62	152	25.33	2	8	 	16	16	35	32	23	6	8	 	56	98	 	4	4	3	8	83.7	 
3	Petracca, Christian	5	61	21	69	130	26.00	10	4	 	15	3	30	29	14	2	3	 	58	67	2	9	4	2	7	75.6	 
17	Rioli, Daniel	7	62	23	66	128	18.29	1	2	 	19	16	19	4	13	5	4	 	20	104	 	 	11	15	1	79.6	 
27	Powell, Wil	7	71	30	50	121	17.29	2	4	 	43	21	23	11	18	4	6	 	37	80	 	 	8	3	3	80.0	 
1	Andrew, Mac	7	65	34	54	119	17.00	 	1	21	15	20	13	4	14	8	7	 	39	79	5	 	40	1	5	85.6	 
16	Jeffrey, Joel	6	74	31	44	118	19.67	2	 	 	8	20	20	9	10	4	4	 	30	83	 	1	10	4	4	74.3	 
14	Weller, Lachie	7	55	16	52	107	15.29	4	 	 	18	12	18	8	13	4	3	 	34	73	 	2	11	13	5	80.3	 
18	Rowell, Matt	4	45	7	53	98	24.50	 	 	 	24	6	14	22	27	8	12	 	51	46	1	 	1	 	2	83.0	 
25	Collins, Sam	7	45	44	50	95	13.57	 	 	 	6	16	4	 	6	5	2	 	39	54	8	 	45	1	 	92.0	 
26	Graham, Will	7	40	22	53	93	13.29	3	3	 	28	3	26	12	19	7	10	 	44	53	1	6	3	4	6	77.0	 
8	Lombard, Leo	7	40	21	50	90	12.86	4	8	 	15	 	22	3	27	2	11	 	34	59	 	6	6	9	4	79.3	 
33	Clohesy, Sam	5	53	24	34	87	17.40	2	1	 	12	4	11	4	11	4	4	 	21	64	 	4	5	2	 	75.4	 
32	Uwland, Zeke	7	49	17	38	87	12.43	3	4	 	7	10	17	3	15	5	7	 	20	71	 	 	4	2	1	65.7	 
28	Witts, Jarrod	7	45	10	42	87	12.43	1	1	250	18	8	16	34	30	11	14	 	64	24	2	1	18	 	2	78.0	 
22	Long, Ben	7	41	15	39	80	11.43	11	3	 	19	1	16	2	20	 	8	 	33	47	1	5	12	 	10	82.1	 
20	Read, Ethan	7	45	26	34	79	11.29	9	5	16	12	2	7	4	28	7	12	 	32	48	6	11	13	 	2	80.4	 
5	Davies, Alex	4	23	3	48	71	17.75	2	4	 	20	4	13	10	12	5	5	 	40	32	 	 	6	 	1	59.5	 
19	Humphrey, Bailey	4	37	15	22	59	14.75	6	7	 	15	1	19	5	14	5	7	 	28	33	2	10	4	 	5	78.0	 
34	King, Ben	7	40	27	12	52	7.43	26	6	 	1	 	4	1	11	5	6	 	20	35	6	23	6	 	1	88.1	 
29	Rogers, Jake	5	21	7	28	49	9.80	3	 	 	12	1	7	3	7	3	2	 	21	31	 	 	3	1	5	61.8	 
10	Ballard, Charlie	4	26	16	14	40	10.00	 	 	 	3	6	1	 	4	3	2	 	15	25	6	 	10	 	 	73.5	 
4	Walter, Jed	4	26	14	9	35	8.75	6	3	7	2	1	8	1	11	6	5	 	20	13	7	7	8	 	1	62.0	 
48	Adams, Oscar	4	8	10	25	33	8.25	 	 	 	5	2	2	 	4	3	1	 	12	22	 	 	15	 	 	75.3	 
39	Gulbin, Lachlan	2	14	8	14	28	14.00	1	 	 	4	 	6	 	6	1	 	 	14	17	 	1	3	 	3	71.5	 
50	Farrar, Jy	2	6	4	8	14	7.00	1	1	 	4	 	2	 	4	1	1	 	5	9	 	2	2	 	2	63.0	 
9	Ugle-Hagan, Jamarra	1	6	5	1	7	7.00	1	 	 	1	 	3	 	4	1	 	 	2	4	1	2	 	 	1	69.0	 
29 players used	1372	574	1204	2576	16.00	107	69	294	393	259	413	234	416	129	154	 	907	1606	51	96	292	68	84	 	 
[Top]
Greater Western Sydney [Players Game by Game][Team Game by Game]
#  	Player  	GM  	KI  	MK  	HB  	DI  	DA  	GL  	BH  	HO  	TK  	RB  	IF  	CL  	CG  	FF  	FA  	BR  	CP  	UP  	CM  	MI  	1%  	BO  	GA  	%P  	SU  
10	Oliver, Clayton	7	71	21	145	216	30.86	2	3	 	28	18	23	50	22	5	10	 	104	109	2	1	6	 	2	80.9	 
7	Ash, Lachie	7	145	59	67	212	30.29	 	2	 	11	46	22	7	28	6	4	 	33	159	1	1	8	16	2	81.6	 
6	Whitfield, Lachie	7	119	45	92	211	30.14	 	 	 	17	30	21	4	22	2	10	 	37	140	1	 	12	1	4	81.3	 
17	Callaghan, Finn	7	92	23	112	204	29.14	3	2	 	24	18	37	27	35	5	10	 	63	144	2	1	6	7	1	79.7	 
4	Greene, Toby	7	105	23	67	172	24.57	5	9	 	18	11	45	28	41	8	13	 	75	105	2	5	11	1	6	81.0	 
1	Thomas, Harvey	7	73	26	72	145	20.71	3	3	 	23	13	21	11	13	5	7	 	52	94	1	3	14	2	2	84.1	 
39	Idun, Connor	7	67	40	69	136	19.43	 	 	 	10	30	3	3	12	4	3	 	43	88	4	 	28	3	 	97.9	 
9	Angwin, Ryan	7	60	23	67	127	18.14	3	1	 	21	8	20	8	14	3	5	 	39	89	1	 	14	2	2	84.3	 
27	Himmelberg, Harry	7	60	33	58	118	16.86	 	 	 	11	17	13	3	20	1	6	 	30	80	2	 	30	2	 	81.7	 
25	Laverde, Jayden	7	74	49	41	115	16.43	 	 	 	12	23	4	1	15	2	9	 	29	81	6	 	38	 	 	88.9	 
37	Fonti, Joe	6	62	41	46	108	18.00	 	 	 	20	23	8	4	17	5	7	 	30	78	3	 	23	5	1	83.0	 
11	Gothard, Phoenix	7	55	17	53	108	15.43	8	6	 	23	1	19	12	15	10	7	 	39	71	 	6	6	4	5	74.7	 
33	OHalloran, Xavier	7	55	22	49	104	14.86	2	4	 	14	9	22	10	20	1	3	 	39	61	 	1	7	1	5	74.3	 
3	Coniglio, Stephen	6	47	26	51	98	16.33	3	2	 	16	4	12	8	10	3	4	 	33	66	2	4	5	3	6	66.2	 
20	Stringer, Jake	7	65	25	25	90	12.86	12	11	 	13	1	24	9	15	10	5	 	47	43	2	12	6	 	4	83.7	 
26	Riccardi, Jake	6	51	27	27	78	13.00	10	3	43	12	1	18	5	17	4	8	 	26	55	5	7	9	 	3	76.5	 
44	Buckley, Jack	6	51	30	24	75	12.50	 	 	 	6	18	4	 	15	5	6	 	25	49	5	 	38	 	 	88.7	 
24	Rowston, Harry	4	44	18	19	63	15.75	3	1	 	11	8	9	6	14	1	2	 	16	44	 	 	5	 	3	67.0	 
23	Hogan, Jesse	6	36	26	17	53	8.83	9	5	 	6	 	9	1	11	5	2	 	22	31	6	16	4	 	1	84.2	 
32	Briggs, Kieren	4	29	11	15	44	11.00	 	2	77	9	2	12	19	12	5	6	 	25	19	2	2	6	 	 	65.5	 
46	Brown, Callum	5	22	10	20	42	8.40	1	4	1	12	3	11	 	12	4	4	 	12	27	 	1	3	 	1	68.2	 
13	Hannaford, Oliver	4	25	11	16	41	10.25	2	3	 	5	1	5	 	12	2	3	 	15	26	 	4	 	 	 	60.5	 
41	Madden, Nick	3	10	6	28	38	12.67	 	2	86	13	2	4	7	10	6	3	 	27	15	2	1	9	 	 	66.7	 
16	Daniels, Brent	2	21	10	14	35	17.50	4	1	 	4	 	12	7	6	3	3	 	15	23	 	 	2	3	3	68.5	 
14	Bedford, Toby	3	13	7	20	33	11.00	3	3	 	8	 	1	 	3	2	 	 	10	21	 	1	1	 	2	70.0	 
30	Leake, James	2	15	8	14	29	14.50	 	 	 	4	3	2	 	2	 	 	 	6	23	1	 	4	 	 	70.0	 
35	Gruzewski, Max	4	17	13	11	28	7.00	4	2	 	3	 	5	 	3	 	1	 	9	17	4	5	6	 	 	68.3	 
38	Delana, Josaia	4	11	1	13	24	6.00	 	1	 	12	1	7	2	4	2	3	 	12	13	 	 	3	 	1	67.5	 
5	Cadman, Aaron	2	15	8	6	21	10.50	7	2	 	1	 	3	 	4	4	 	 	9	13	2	6	2	 	2	74.5	 
21	Aleer, Leek	2	10	5	10	20	10.00	2	3	22	10	 	6	1	2	4	1	 	16	5	3	1	6	 	 	67.5	 
31	McMullin, Toby	1	4	1	3	7	7.00	 	 	 	3	1	 	 	1	 	1	 	3	4	 	 	1	 	 	64.0	 
31 players used	1524	665	1271	2795	17.36	86	75	229	380	292	402	233	427	117	146	 	941	1793	59	78	313	50	56	 	 
[Top]
Hawthorn [Players Game by Game][Team Game by Game]
#  	Player  	GM  	KI  	MK  	HB  	DI  	DA  	GL  	BH  	HO  	TK  	RB  	IF  	CL  	CG  	FF  	FA  	BR  	CP  	UP  	CM  	MI  	1%  	BO  	GA  	%P  	SU  
3	Newcombe, Jai	7	86	24	99	185	26.43	3	2	 	30	12	24	55	22	18	12	 	86	103	 	1	4	3	5	79.6	 
4	Impey, Jarman	7	106	54	57	163	23.29	1	 	 	14	30	25	6	26	1	4	 	31	119	2	 	6	10	3	82.3	 
9	Macdonald, Connor	7	99	36	51	150	21.43	4	7	 	25	6	32	15	19	4	4	 	49	97	2	8	2	1	7	79.1	 
25	Ward, Josh	7	76	25	72	148	21.14	 	1	 	23	7	26	19	22	5	4	 	46	100	 	1	5	 	5	77.0	 
24	Battle, Josh	7	97	54	49	146	20.86	 	1	 	10	38	11	 	22	7	5	 	49	85	10	1	25	7	 	94.1	 
33	Ginnivan, Jack	7	99	47	43	142	20.29	8	6	 	14	10	31	11	19	6	2	 	43	94	1	4	9	2	12	82.1	 
11	Nash, Conor	7	54	17	81	135	19.29	2	1	 	41	8	11	37	23	6	7	 	70	65	 	2	12	 	4	74.6	 
6	Sicily, James	6	88	46	45	133	22.17	 	 	 	14	29	19	3	15	10	4	 	37	87	6	 	21	4	2	91.8	 
16	DAmbrosio, Massimo	7	84	37	45	129	18.43	2	2	 	20	12	25	9	12	3	4	 	32	95	3	1	4	8	2	80.6	 
15	Hardwick, Blake	7	91	43	38	129	18.43	 	 	 	19	27	8	5	12	7	6	 	31	87	3	 	22	4	 	91.4	 
10	Amon, Karl	6	89	30	37	126	21.00	 	2	 	12	30	17	2	13	1	1	 	11	95	 	 	7	13	5	81.2	 
8	Moore, Dylan	6	63	24	55	118	19.67	7	6	 	14	1	17	5	20	3	5	 	34	81	 	3	4	2	5	87.5	 
23	Weddle, Josh	7	63	31	53	116	16.57	4	9	 	15	13	27	7	12	2	2	 	28	90	3	6	10	12	4	85.9	 
5	Watson, Nick	7	63	21	41	104	14.86	18	8	 	18	 	21	7	15	6	6	 	50	57	1	7	7	9	7	79.9	 
14	Scrimshaw, Jack	5	48	27	47	95	19.00	 	 	 	9	18	2	1	22	2	7	 	33	60	1	 	12	3	1	79.4	 
2	Lewis, Mitch	7	66	51	26	92	13.14	11	8	 	13	 	16	4	13	7	4	 	34	60	14	15	15	 	3	78.4	 
28	Mackenzie, Cam	5	46	14	45	91	18.20	1	2	 	22	3	11	18	10	6	5	 	35	59	 	 	3	 	3	67.6	 
37	Barrass, Tom	7	51	37	29	80	11.43	1	 	 	9	19	4	 	15	5	9	 	33	46	8	 	46	 	 	83.6	 
17	Meek, Lloyd	7	33	19	47	80	11.43	2	 	167	24	6	13	23	21	8	12	 	46	35	5	1	10	 	 	57.1	 
30	Butler, Sam	6	50	22	21	71	11.83	3	2	 	20	4	14	6	11	1	2	 	19	50	1	1	2	 	2	71.7	 
19	Gunston, Jack	6	56	37	11	67	11.17	24	16	 	4	 	8	1	7	3	4	 	24	42	5	28	5	 	2	84.7	 
7	Reeves, Ned	6	23	5	25	48	8.00	3	2	154	17	 	8	16	9	3	5	 	29	19	 	3	10	 	5	53.0	 
18	Chol, Mabior	5	34	20	8	42	8.40	7	9	6	8	 	6	6	8	4	4	 	25	17	9	12	9	 	 	60.6	 
1	Morrison, Harry	2	21	10	16	37	18.50	 	 	 	6	3	6	1	10	2	3	 	7	28	 	 	1	1	 	81.5	 
39	Perez, Flynn	3	17	5	18	35	11.67	 	 	 	13	1	4	1	3	4	1	 	12	27	 	 	5	 	1	72.0	 
20	Maginness, Finn	2	8	6	24	32	16.00	2	 	 	5	 	1	1	3	 	1	 	11	21	1	1	1	 	1	68.5	 
13	Dear, Calsher	2	13	7	9	22	11.00	2	2	 	7	1	4	 	2	2	1	 	14	8	 	3	4	 	1	78.5	 
34	Dalton, Jack	2	8	4	12	20	10.00	 	2	 	7	1	2	1	3	 	1	 	7	14	 	 	1	2	 	60.5	 
27	McCabe, Will	1	4	4	2	6	6.00	1	1	 	 	 	2	 	 	 	 	 	 	6	 	1	 	 	 	63.0	 
29 players used	1636	757	1106	2742	17.03	106	89	327	433	279	395	260	389	126	125	 	926	1747	75	99	262	81	80	 	 
[Top]
Melbourne [Players Game by Game][Team Game by Game]
#  	Player  	GM  	KI  	MK  	HB  	DI  	DA  	GL  	BH  	HO  	TK  	RB  	IF  	CL  	CG  	FF  	FA  	BR  	CP  	UP  	CM  	MI  	1%  	BO  	GA  	%P  	SU  
9	Steele, Jack	7	91	31	83	174	24.86	2	1	 	51	9	34	43	26	10	2	 	82	88	2	3	8	1	3	75.6	 
36	Pickett, Kysaiah	7	127	23	45	172	24.57	10	5	 	36	13	43	30	35	8	7	 	58	103	1	5	12	18	7	82.6	 
11	Gawn, Max	7	75	30	78	153	21.86	4	3	232	15	12	24	45	23	22	7	 	109	53	12	5	20	 	2	83.3	 
32	Sparrow, Tom	7	71	14	60	131	18.71	4	3	 	44	11	24	29	14	8	1	 	52	69	 	4	8	1	2	70.7	 
15	Langdon, Ed	7	69	43	56	125	17.86	4	3	 	14	15	15	4	10	3	3	 	31	90	1	7	3	5	4	88.6	 
6	Windsor, Caleb	7	71	13	48	119	17.00	3	1	 	26	6	35	9	20	3	4	 	39	79	 	 	5	2	1	74.9	 
12	Tholstrup, Koltyn	7	68	20	49	117	16.71	1	2	 	12	23	16	5	16	6	4	 	33	67	1	2	15	3	3	80.6	 
8	Lever, Jake	7	86	58	23	109	15.57	 	 	 	14	24	4	 	18	9	7	 	24	80	1	 	27	 	1	92.9	 
4	Langford, Harvey	7	54	22	54	108	15.43	9	1	 	9	4	17	12	20	3	4	 	40	71	4	7	2	5	5	74.1	 
37	Chandler, Kade	7	55	20	51	106	15.14	9	5	 	24	7	19	12	16	4	4	 	43	62	 	6	7	4	5	80.4	 
3	Salem, Christian	5	81	17	22	103	20.60	1	 	 	7	24	11	3	15	1	5	 	28	51	 	 	4	1	2	75.0	 
22	Howes, Blake	7	51	28	49	100	14.29	 	 	 	12	12	7	1	11	2	6	 	28	69	1	 	22	 	 	82.1	 
30	Sharp, Harry	7	57	22	33	90	12.86	9	4	 	20	3	29	9	16	5	5	 	32	57	 	5	5	7	4	74.7	 
13	Culley, Jai	7	45	21	41	86	12.29	1	3	 	15	4	14	10	6	4	2	 	44	43	6	5	6	1	5	70.0	 
5	Lindsay, Xavier	5	59	11	23	82	16.40	1	 	 	11	23	6	3	8	1	1	 	22	42	 	 	7	 	3	73.0	 
31	Fritsch, Bayley	6	53	21	26	79	13.17	12	4	 	12	1	11	3	7	5	 	 	26	51	3	13	4	2	4	84.3	 
2	van Rooyen, Jacob	7	44	30	35	79	11.29	10	8	18	6	 	12	3	8	2	1	 	34	45	6	14	12	 	5	81.6	 
10	Turner, Daniel	6	50	34	26	76	12.67	 	1	 	10	16	7	 	10	2	2	 	31	41	8	 	36	1	2	84.7	 
33	Pickett, Latrelle	7	40	14	25	65	9.29	3	2	 	6	5	18	10	24	3	8	 	25	41	 	1	6	16	5	70.3	 
28	Mihocek, Brody	7	50	34	12	62	8.86	13	6	6	8	1	15	2	17	4	5	 	24	40	9	17	3	 	4	83.4	 
14	Jiath, Changkuoth	4	38	22	17	55	13.75	 	 	 	3	11	9	1	10	2	2	 	9	42	 	 	11	4	1	61.3	 
35	Petty, Harry	6	29	20	20	49	8.17	 	2	18	9	6	4	2	17	3	7	 	26	18	7	2	24	 	1	84.5	 
25	McDonald, Tom	3	30	20	14	44	14.67	 	 	 	3	12	4	 	10	1	4	 	9	33	1	 	17	1	 	98.3	 
16	Laurie, Bailey	3	22	4	17	39	13.00	1	1	 	5	2	10	4	7	1	1	 	13	25	 	 	 	2	1	64.0	 
24	Rivers, Trent	2	21	13	16	37	18.50	 	1	 	5	6	7	2	4	 	 	 	5	30	 	1	1	 	 	70.0	 
21	Jefferson, Matthew	2	8	6	9	17	8.50	2	1	 	3	 	1	 	4	2	2	 	9	8	2	2	2	 	1	85.5	 
18	Melksham, Jake	2	9	6	7	16	8.00	4	 	 	1	 	2	 	6	 	3	 	3	12	1	3	3	2	1	78.5	 
19	Taylor, Xavier	2	6	2	9	15	7.50	 	 	 	5	5	2	1	1	 	1	 	9	9	1	 	7	 	 	71.0	 
27	Heath, Max	2	5	1	7	12	6.00	 	2	34	 	1	2	2	1	1	1	 	6	7	1	 	 	 	1	38.5	 
41	Cross, Paddy	1	2	1	4	6	6.00	1	 	 	 	 	 	 	1	1	 	 	2	3	 	 	1	 	1	61.0	 
30 players used	1467	601	959	2426	15.07	104	59	308	386	256	402	245	381	116	99	 	896	1429	68	102	278	76	74	 	 
[Top]
North Melbourne [Players Game by Game][Team Game by Game]
#  	Player  	GM  	KI  	MK  	HB  	DI  	DA  	GL  	BH  	HO  	TK  	RB  	IF  	CL  	CG  	FF  	FA  	BR  	CP  	UP  	CM  	MI  	1%  	BO  	GA  	%P  	SU  
3	Sheezel, Harry	7	117	46	112	229	32.71	3	4	 	26	14	32	35	28	5	9	 	71	156	1	5	4	3	5	79.6	 
9	Davies-Uniacke, Luke	7	84	32	98	182	26.00	2	3	 	33	10	39	41	25	9	11	 	77	110	 	2	5	9	5	82.6	 
26	Parker, Luke	7	105	47	74	179	25.57	2	 	 	12	37	9	8	18	6	4	 	46	110	6	2	16	9	4	88.3	 
5	Daniel, Caleb	7	108	38	70	178	25.43	 	 	 	21	32	16	12	17	5	6	 	34	127	 	 	14	7	2	86.0	 
10	McKercher, Colby	7	99	19	56	155	22.14	2	 	 	17	23	18	3	17	3	3	 	24	107	 	1	2	27	1	80.0	 
15	Stephens, Dylan	7	99	43	55	154	22.00	2	2	 	15	13	27	7	18	6	5	 	31	120	2	3	6	6	 	86.1	 
12	Simpkin, Jy	7	91	29	55	146	20.86	3	2	 	18	13	25	18	22	6	8	 	43	105	 	2	5	4	4	83.6	 
24	Powell, Tom	7	77	37	49	126	18.00	3	6	 	17	8	17	13	20	4	5	 	32	92	 	5	5	 	4	77.6	 
11	McDonald, Luke	7	85	45	37	122	17.43	1	 	 	17	33	11	3	17	5	6	 	20	96	1	 	19	1	2	85.4	 
39	Blamires, Tom	6	69	22	43	112	18.67	2	2	 	9	12	18	6	11	5	2	 	28	79	 	2	4	1	3	80.3	 
2	OSullivan, Finn	5	53	24	49	102	20.40	2	1	 	11	11	21	20	17	5	8	 	37	70	 	2	9	1	3	83.2	 
6	Wardlaw, George	5	43	14	46	89	17.80	1	 	 	30	4	14	17	11	7	6	 	48	44	 	 	10	 	1	58.6	 
25	Curtis, Paul	7	59	30	27	86	12.29	15	8	 	20	 	17	4	25	13	11	 	38	48	5	15	9	 	9	78.3	 
44	Zurhaar, Cameron	7	58	32	27	85	12.14	6	6	 	10	9	15	1	15	6	7	 	32	54	3	8	14	2	5	77.0	 
38	Xerri, Tristan	4	28	11	56	84	21.00	1	 	95	32	2	10	30	18	14	8	 	70	18	5	1	17	 	 	82.5	 
30	Comben, Charlie	6	47	36	27	74	12.33	1	 	 	15	13	3	1	13	7	5	 	30	48	5	 	40	 	 	95.3	 
20	Larkey, Nick	7	49	30	24	73	10.43	21	7	 	8	 	9	 	9	11	3	 	37	37	9	16	6	 	5	93.6	 
27	Darling, Jack	6	42	22	28	70	11.67	5	1	19	23	7	11	12	12	6	3	 	44	23	7	5	9	 	6	62.3	 
32	Pink, Toby	5	38	25	23	61	12.20	 	 	 	4	12	6	 	6	2	4	 	15	44	 	 	25	 	 	90.8	 
47	Trembath, Cooper	7	37	32	24	61	8.71	13	4	43	17	2	7	2	4	5	2	 	26	35	12	15	12	 	3	80.6	 
4	Corr, Aidan	5	34	19	22	56	11.20	 	 	 	8	13	1	 	11	1	6	 	14	41	1	 	11	 	 	72.4	 
19	Logue, Griffin	5	30	26	24	54	10.80	 	 	 	3	7	2	1	8	1	4	 	23	30	5	 	20	 	 	70.0	 
7	Duursma, Zane	7	28	15	16	44	6.29	9	5	 	9	1	5	3	12	3	4	 	23	23	4	7	5	 	1	65.9	 
1	Dovaston, Lachy	5	27	14	14	41	8.20	3	3	 	9	 	12	3	9	2	2	 	16	24	 	5	2	4	3	62.4	 
21	Coleman-Jones, Callum	4	17	6	21	38	9.50	 	 	44	7	2	3	15	15	1	8	 	22	17	 	1	7	 	1	52.5	 
13	Spargo, Charlie	3	14	7	20	34	11.33	2	 	 	5	1	5	1	3	1	3	 	6	30	 	2	2	 	1	63.0	 
45	Banch, Zac	2	9	3	6	15	7.50	1	3	 	5	 	6	2	7	3	4	 	5	10	 	 	4	 	1	58.0	 
41	Konstanty, Jacob	2	5	3	10	15	7.50	1	 	 	5	 	1	2	7	1	3	 	8	9	 	 	3	 	1	66.5	 
28 players used	1552	707	1113	2665	16.55	101	57	201	406	279	360	260	395	143	150	 	900	1707	66	99	285	74	70	 	 
[Top]
Port Adelaide [Players Game by Game][Team Game by Game]
#  	Player  	GM  	KI  	MK  	HB  	DI  	DA  	GL  	BH  	HO  	TK  	RB  	IF  	CL  	CG  	FF  	FA  	BR  	CP  	UP  	CM  	MI  	1%  	BO  	GA  	%P  	SU  
9	Butters, Zak	7	123	20	92	215	30.71	2	6	 	29	4	43	42	24	17	9	 	86	124	1	 	6	10	4	83.6	 
18	Horne-Francis, Jason	7	111	42	51	162	23.14	11	8	 	22	8	28	33	38	11	15	 	65	96	4	14	9	6	8	78.7	 
6	Farrell, Kane	7	117	48	28	145	20.71	1	2	 	17	30	22	4	19	3	8	 	25	96	 	 	14	12	 	80.9	 
7	Burgoyne, Jase	7	83	38	58	141	20.14	3	2	 	22	11	23	10	14	7	4	 	50	84	1	4	6	1	7	83.0	 
28	Drew, Willem	7	59	21	73	132	18.86	2	1	 	43	2	27	42	19	12	7	 	72	61	1	1	12	1	4	76.7	 
35	Richards, Joe	7	75	33	44	119	17.00	4	4	 	27	3	26	10	15	2	3	 	31	87	 	2	7	1	8	81.4	 
21	Aliir, Aliir	7	88	66	29	117	16.71	 	 	 	10	16	5	 	23	4	9	 	42	74	15	 	32	1	 	99.6	 
33	Byrne-Jones, Darcy	7	74	37	39	113	16.14	4	2	 	14	11	9	5	15	4	1	 	28	82	2	1	12	 	4	76.9	 
22	Evans, Logan	7	87	37	24	111	15.86	 	 	 	11	24	7	1	18	7	8	 	23	78	2	 	20	2	1	86.3	 
5	Berry, Joe	7	52	26	40	92	13.14	3	5	 	17	3	28	5	16	9	7	 	34	63	 	2	2	 	5	75.0	 
31	Mackinlay, Ewan	7	62	23	29	91	13.00	2	2	 	18	9	14	5	13	3	1	 	28	66	1	2	4	4	 	73.4	 
15	Wehr, Jacob	7	62	27	29	91	13.00	1	2	 	21	7	18	4	16	3	7	 	18	70	 	2	3	 	2	78.1	 
19	Georgiades, Mitch	7	60	47	30	90	12.86	18	15	 	11	 	8	2	25	2	7	 	26	63	10	30	11	 	5	90.4	 
16	Wines, Ollie	4	30	17	53	83	20.75	1	 	 	18	1	8	10	12	2	6	 	30	54	 	2	3	 	5	63.8	 
14	Bergman, Miles	6	55	30	24	79	13.17	3	2	 	6	11	10	4	15	5	8	 	26	50	4	2	6	2	2	80.3	 
37	Watkins, Jack	6	49	17	30	79	13.17	2	 	 	11	3	17	7	12	1	3	 	23	53	2	1	2	 	2	57.7	 
24	Sweet, Jordon	6	36	17	37	73	12.17	3	5	171	14	6	12	30	17	11	10	 	53	29	1	2	22	 	3	79.8	 
34	Jones, Lachie	6	49	26	22	71	11.83	2	 	 	7	18	6	 	13	1	5	 	20	44	2	1	26	 	1	85.7	 
4	Marshall, Todd	4	49	29	11	60	15.00	 	 	 	3	22	6	 	6	 	1	 	14	36	2	 	9	1	 	74.3	 
43	Lai, Josh	5	33	21	23	56	11.20	 	 	 	7	9	4	2	9	3	4	 	16	43	1	 	15	 	 	73.0	 
17	Whitlock, Jack	7	34	27	20	54	7.71	9	7	19	9	 	5	3	11	3	4	 	21	36	3	14	10	 	1	75.3	 
44	Durdin, Corey	7	41	30	12	53	7.57	12	4	 	16	 	13	2	9	2	3	 	16	41	1	15	8	2	7	74.0	 
12	Lukosius, Jack	4	41	25	12	53	13.25	6	4	 	8	4	14	1	8	1	2	 	19	34	3	7	9	 	3	81.5	 
1	Rozee, Connor	2	25	9	20	45	22.50	 	 	 	6	7	7	5	10	1	2	 	14	30	 	 	3	1	 	67.5	 
11	Moraes, Christian	2	17	8	20	37	18.50	1	 	 	3	3	3	3	1	 	 	 	8	28	 	 	 	 	 	50.5	 
27	Ratugolea, Esava	3	21	17	10	31	10.33	 	 	 	 	4	 	1	5	1	3	 	13	16	4	 	14	 	1	77.7	 
3	Mead, Jackson	2	21	10	7	28	14.00	 	 	 	1	8	2	1	6	 	3	 	7	16	1	 	4	2	 	80.5	 
23	Brodie, Will	1	4	2	14	18	18.00	 	 	 	3	 	1	3	4	1	1	 	10	8	 	 	 	 	 	42.0	 
38	Visentini, Dante	3	10	5	8	18	6.00	 	 	66	13	1	4	4	9	4	3	 	10	7	 	 	13	 	1	76.0	 
30	Lord, Ollie	1	4	1	3	7	7.00	 	1	7	2	 	 	1	2	1	 	 	5	2	 	1	 	 	 	79.0	 
39	Zadow, Mitch	1	2	2	1	3	3.00	 	 	 	5	 	 	 	2	 	1	 	1	3	 	 	 	 	 	67.0	 
31 players used	1574	758	893	2467	15.32	90	72	263	394	225	370	240	406	121	145	 	834	1574	61	103	282	46	74	 	 
[Top]
Richmond [Players Game by Game][Team Game by Game]
#  	Player  	GM  	KI  	MK  	HB  	DI  	DA  	GL  	BH  	HO  	TK  	RB  	IF  	CL  	CG  	FF  	FA  	BR  	CP  	UP  	CM  	MI  	1%  	BO  	GA  	%P  	SU  
5	Ross, Jack	7	54	26	103	157	22.43	2	4	 	36	3	26	30	28	13	7	 	76	85	2	1	7	5	4	80.0	 
15	Short, Jayden	6	123	51	30	153	25.50	1	3	 	7	29	22	5	16	8	4	 	25	109	 	2	9	4	 	81.5	 
2	Hopper, Jacob	6	51	12	83	134	22.33	 	2	 	11	6	18	33	36	7	6	 	68	68	 	 	4	 	2	74.7	 
14	Taranto, Tim	6	46	15	88	134	22.33	3	2	 	31	4	23	35	16	6	4	 	72	61	2	4	3	2	2	75.2	 
3	Prestia, Dion	6	60	27	68	128	21.33	1	1	 	24	8	22	17	24	3	4	 	40	92	 	2	4	1	2	75.3	 
24	Grlj, Sam	7	67	24	53	120	17.14	 	 	 	19	16	13	3	12	6	 	 	27	84	 	 	3	9	1	74.1	 
4	Lalor, Sam	7	73	29	43	116	16.57	8	4	 	19	9	32	21	25	6	11	 	54	65	4	9	4	1	9	75.7	 
6	Banks, Sam	6	59	18	39	98	16.33	1	 	 	9	16	11	3	10	1	4	 	20	70	 	 	3	 	 	66.2	 
12	Miller, Ben	7	71	44	26	97	13.86	 	 	3	7	31	3	1	19	3	8	 	21	68	4	 	54	3	1	93.9	 
44	Campbell, Seth	7	66	21	30	96	13.71	8	7	 	12	3	20	9	17	6	3	 	35	58	3	7	8	4	5	82.3	 
40	Sonsie, Tyler	5	51	19	34	85	17.00	 	2	 	5	9	12	5	8	4	1	 	26	56	 	1	2	2	1	85.2	 
35	Broad, Nathan	6	51	34	30	81	13.50	 	 	 	4	18	4	2	7	4	2	 	20	56	4	 	23	2	 	75.3	 
1	Vlastuin, Nick	6	53	17	28	81	13.50	1	1	 	13	17	2	2	11	7	3	 	27	40	2	 	10	3	 	82.8	 
28	McAuliffe, Kane	4	44	14	32	76	19.00	1	1	 	16	6	13	5	14	8	4	 	31	47	1	 	5	 	1	77.5	 
48	Green, Steely	7	46	18	27	73	10.43	7	5	 	19	3	16	3	14	5	4	 	29	40	 	5	5	1	5	84.1	 
21	Balta, Noah	6	47	32	24	71	11.83	1	1	12	3	18	8	2	22	3	6	 	24	46	7	2	22	4	 	87.2	 
13	Ralphsmith, Hugo	5	37	12	34	71	14.20	2	1	 	3	8	13	6	16	1	4	 	20	49	 	 	9	1	 	87.6	 
30	Brown, Tom	5	48	18	19	67	13.40	 	 	 	6	21	7	 	11	1	6	 	18	32	3	1	7	 	3	78.2	 
11	Trainor, Luke	3	37	14	17	54	18.00	 	 	 	6	11	5	1	15	2	6	 	12	35	 	 	9	1	1	80.3	 
17	Rioli, Maurice	6	22	9	21	43	7.17	1	2	 	18	2	9	4	10	7	6	 	24	24	3	2	5	 	3	71.7	 
33	Retschko, Patrick	2	24	10	15	39	19.50	 	 	 	6	6	6	1	2	 	 	 	7	31	1	 	1	3	 	83.5	 
50	Gray, Campbell	6	21	16	15	36	6.00	1	 	12	11	8	1	1	15	6	10	 	16	24	2	1	27	1	 	65.7	 
42	Lefau, Mykelti	6	22	18	14	36	6.00	7	2	15	23	 	9	5	14	4	6	 	25	17	4	7	12	3	1	84.0	 
8	Faull, Jonty	6	23	12	12	35	5.83	2	5	4	10	1	7	 	8	5	1	 	18	19	1	5	13	 	 	87.8	 
25	Nankervis, Toby	2	18	4	16	34	17.00	 	 	40	8	4	2	11	6	4	3	 	20	14	1	 	5	 	 	63.5	 
36	Trezise, James	3	14	6	20	34	11.33	 	 	 	11	2	5	2	4	3	1	 	12	22	1	 	3	 	1	82.3	 
19	Lynch, Tom	3	19	10	6	25	8.33	3	8	2	6	 	2	 	6	4	5	 	13	12	5	8	7	 	1	66.3	 
32	Ryan, Samson	3	12	5	13	25	8.33	 	 	49	5	1	8	7	10	6	6	 	14	11	3	 	6	 	 	68.0	 
43	Fawcett, Liam	3	12	7	3	15	5.00	5	2	 	3	 	3	 	8	1	2	 	7	9	1	6	3	 	1	81.7	 
22	Cumming, Sam	1	7	3	6	13	13.00	1	1	 	3	 	5	5	2	 	1	 	8	5	1	2	 	 	1	72.0	 
45	Burton, Tom	1	4	1	8	12	12.00	 	1	 	1	 	2	 	1	1	 	 	3	10	 	1	1	 	 	78.0	 
7	Mansell, Rhyan	1	9	7	3	12	12.00	2	 	 	4	 	3	 	2	 	1	 	5	7	1	3	 	 	1	82.0	 
34	Armstrong, Harry	3	8	7	2	10	3.33	1	1	 	1	 	2	 	3	1	1	 	5	7	2	2	3	 	 	70.7	 
47	Hayes-Brown, Oliver	1	3	1	7	10	10.00	 	 	15	1	1	3	4	1	1	 	 	8	2	 	 	1	 	 	63.0	 
18	Gibcus, Josh	1	6	4	3	9	9.00	 	 	 	4	2	 	 	1	 	 	 	4	3	1	 	5	 	 	76.0	 
29	Alger, Jasper	1	1	1	2	3	3.00	 	1	 	 	 	 	1	1	 	1	 	2	1	 	1	2	 	 	31.0	 
36 players used	1309	566	974	2283	14.18	59	57	152	365	263	337	224	415	137	131	 	836	1379	59	72	285	50	46	 	 
[Top]
St Kilda [Players Game by Game][Team Game by Game]
#  	Player  	GM  	KI  	MK  	HB  	DI  	DA  	GL  	BH  	HO  	TK  	RB  	IF  	CL  	CG  	FF  	FA  	BR  	CP  	UP  	CM  	MI  	1%  	BO  	GA  	%P  	SU  
35	Sinclair, Jack	7	147	48	64	211	30.14	 	 	 	12	34	21	7	14	4	1	 	34	137	1	 	14	3	4	85.9	 
44	Wilkie, Callum	7	131	85	53	184	26.29	 	 	 	13	38	4	1	13	3	1	 	49	118	13	 	36	6	 	100.0	 
7	Wanganeen-Milera, Nasiah	7	134	21	49	183	26.14	6	5	 	23	30	34	25	33	15	7	 	57	96	2	3	4	18	10	83.4	 
2	Windhager, Marcus	7	112	45	59	171	24.43	2	 	 	12	26	26	19	24	9	4	 	56	114	 	1	10	 	1	83.3	 
9	Flanders, Sam	7	87	35	83	170	24.29	1	2	 	26	17	22	20	18	11	2	 	56	115	 	2	5	5	 	78.1	 
8	Hill, Bradley	7	116	46	49	165	23.57	3	2	 	14	17	27	8	16	3	4	 	26	140	 	 	19	3	2	83.7	 
34	Garcia, Hugo	7	69	18	82	151	21.57	3	1	 	40	6	22	44	24	7	4	 	66	80	 	1	16	 	1	73.0	 
22	Wilson, Darcy	7	71	28	70	141	20.14	4	5	 	14	7	26	9	20	8	7	 	42	98	1	1	7	7	5	83.4	 
40	Hall, Max	7	61	25	54	115	16.43	9	4	 	20	4	29	20	16	6	5	 	48	70	1	6	7	 	7	81.6	 
18	Carroll, Jack	7	76	43	29	105	15.00	 	1	 	15	21	18	1	15	5	4	 	20	85	2	 	9	3	4	79.9	 
3	Silvagni, Jack	7	74	44	30	104	14.86	1	 	 	14	27	8	 	21	4	12	 	35	67	5	 	41	2	 	93.7	 
32	Wood, Mason	7	64	32	40	104	14.86	4	4	 	16	8	16	8	13	3	3	 	38	70	3	3	16	 	2	80.9	 
25	Phillipou, Mattaes	7	43	16	52	95	13.57	5	7	 	25	5	15	15	10	6	1	 	42	54	1	5	3	 	2	61.0	 
21	De Koning, Tom	7	42	27	51	93	13.29	1	5	135	9	3	19	14	22	7	10	 	45	50	6	4	18	 	3	74.9	 
10	Owens, Mitch	7	49	24	33	82	11.71	11	12	3	13	 	16	7	12	7	2	 	41	44	9	11	14	1	2	87.6	 
19	Marshall, Rowan	6	44	19	37	81	13.50	1	2	79	10	7	15	27	21	7	8	 	52	34	3	3	15	 	1	74.7	 
43	Sharman, Cooper	7	45	30	28	73	10.43	9	6	3	10	2	12	2	15	4	3	 	30	48	6	13	14	 	11	81.3	 
1	Higgins, Jack	7	40	17	30	70	10.00	16	5	 	13	1	4	2	6	8	1	 	35	39	 	13	9	 	2	80.7	 
38	Boxshall, Hugh	5	32	13	25	57	11.40	 	3	 	23	4	7	7	16	4	4	 	23	33	 	3	11	 	 	71.4	 
31	Ryan, Liam	7	43	15	12	55	7.86	11	11	 	6	 	10	1	12	8	5	 	24	30	2	9	4	5	4	70.4	 
11	Clark, Hunter	3	31	18	14	45	15.00	 	 	 	6	9	3	1	3	 	1	 	9	37	2	 	4	 	2	49.7	 
26	Tauru, Alix	5	25	13	14	39	7.80	3	2	 	7	4	4	2	8	5	4	 	15	23	2	3	11	 	1	63.0	 
16	Butler, Dan	4	24	6	14	38	9.50	3	 	 	11	3	5	2	8	2	3	 	16	21	2	1	 	 	1	68.3	 
6	Macrae, Jack	2	13	5	24	37	18.50	 	 	 	9	1	5	6	9	1	3	 	18	21	 	 	4	 	 	54.0	 
14	Stocker, Liam	3	13	11	18	31	10.33	 	 	 	6	3	1	 	8	1	4	 	12	22	 	 	12	 	 	76.3	 
20	Howard, Dougal	2	25	16	3	28	14.00	 	 	 	 	4	 	1	6	1	3	 	4	22	1	 	6	 	 	81.0	 
47	Caminiti, Anthony	4	12	7	12	24	6.00	1	 	 	3	3	1	 	6	1	4	 	13	12	1	1	23	 	 	67.3	 
17	Keeler, Isaac	1	6	3	4	10	10.00	1	 	3	1	 	 	1	2	1	 	 	6	6	 	2	1	 	 	49.0	 
28 players used	1629	710	1033	2662	16.53	95	77	223	371	284	370	250	391	141	110	 	912	1686	63	85	333	53	65	 	 
[Top]
Sydney [Players Game by Game][Team Game by Game]
#  	Player  	GM  	KI  	MK  	HB  	DI  	DA  	GL  	BH  	HO  	TK  	RB  	IF  	CL  	CG  	FF  	FA  	BR  	CP  	UP  	CM  	MI  	1%  	BO  	GA  	%P  	SU  
27	McInerney, Justin	7	79	30	100	179	25.57	10	6	 	19	12	28	24	23	10	9	 	51	127	1	4	7	1	9	82.1	 
22	Blakey, Nick	7	110	22	59	169	24.14	3	1	 	11	46	33	8	34	8	11	 	36	106	1	 	28	31	6	84.7	 
14	Mills, Callum	7	79	40	83	162	23.14	 	1	 	14	34	12	 	18	5	4	 	34	105	4	1	26	6	1	74.6	 
1	Warner, Chad	7	89	17	65	154	22.00	10	8	 	21	4	47	31	30	10	9	 	69	85	 	4	8	19	9	77.6	 
26	Bice, Riley	7	90	45	62	152	21.71	1	 	 	13	23	14	 	24	4	6	 	26	108	2	1	21	15	4	79.7	 
30	McCartin, Tom	7	65	49	80	145	20.71	 	 	 	5	33	8	2	22	10	10	 	48	95	9	 	46	1	 	94.6	 
34	Roberts, Matt	7	87	31	56	143	20.43	2	3	 	9	14	27	12	17	13	3	 	50	93	 	2	10	2	3	84.1	 
4	Grundy, Brodie	7	50	21	87	137	19.57	6	3	245	35	11	13	38	43	10	21	 	86	56	8	3	26	2	1	80.7	 
12	Sheldrick, Angus	6	69	16	65	134	22.33	2	 	 	23	6	29	19	20	5	4	 	45	79	 	 	4	1	6	60.8	 
13	Serong, Jai	7	73	31	56	129	18.43	1	 	 	22	13	27	11	23	7	6	 	44	83	5	 	16	1	2	88.0	 
5	Heeney, Isaac	5	68	19	55	123	24.60	10	3	 	27	7	19	30	23	11	5	 	64	58	3	8	4	1	3	73.6	 
8	Rowbottom, James	7	63	13	57	120	17.14	1	1	 	52	10	20	25	19	11	5	 	56	66	 	2	11	 	1	72.4	 
11	Papley, Tom	7	74	25	43	117	16.71	9	9	 	23	1	35	12	25	7	6	 	42	73	 	10	9	5	11	73.0	 
44	Lloyd, Jake	7	63	33	46	109	15.57	5	2	 	18	7	21	5	13	3	1	 	31	70	 	7	5	2	4	85.0	 
15	Wicks, Sam	7	53	21	56	109	15.57	1	1	 	19	22	15	5	18	4	8	 	30	78	2	 	10	10	1	82.0	 
17	Jordon, James	7	44	14	55	99	14.14	4	 	 	28	6	21	13	12	5	4	 	34	64	1	2	4	1	5	83.9	 
24	Rampe, Dane	6	41	11	43	84	14.00	 	 	 	11	18	5	2	8	6	2	 	32	49	2	 	29	2	1	75.8	 
35	Curnow, Charlie	7	62	33	14	76	10.86	19	13	 	5	 	12	1	21	12	9	 	45	34	17	23	15	 	2	84.7	 
6	McDonald, Logan	7	36	26	31	67	9.57	9	6	14	11	2	11	2	9	4	2	 	23	42	6	12	8	 	4	71.6	 
10	Rosas, Malcolm	6	32	4	30	62	10.33	6	2	 	19	2	7	7	4	1	1	 	32	31	 	1	9	6	5	72.0	 
36	Amartey, Joel	7	40	29	20	60	8.57	16	8	10	12	 	6	3	12	7	5	 	30	31	9	20	12	 	4	73.7	 
7	Cunningham, Harry	4	29	14	20	49	12.25	2	2	 	11	2	8	2	5	2	1	 	9	39	1	2	9	2	2	73.5	 
21	Gulden, Errol	2	27	9	20	47	23.50	1	2	 	19	6	12	6	8	1	2	 	11	34	 	1	1	2	3	73.5	 
37	Warner, Corey	4	25	5	14	39	9.75	2	 	 	5	2	12	 	8	2	3	 	8	33	 	1	3	1	3	59.3	 
43	Melican, Lewis	4	20	9	15	35	8.75	 	1	 	5	4	7	 	6	3	1	 	15	17	2	 	17	 	1	76.5	 
29	Hamling, Joel	2	10	6	13	23	11.50	 	 	 	3	7	 	 	2	2	1	 	12	10	2	 	11	 	 	94.5	 
28	Edwards, Will	1	7	3	5	12	12.00	 	 	 	2	1	 	 	5	3	1	 	5	8	 	 	4	 	 	88.0	 
25	Cootee, Billy	1	4	3	4	8	8.00	1	1	 	2	 	1	1	4	 	2	 	3	6	 	1	1	 	 	65.0	 
33	Cleary, Caiden	1	1	 	3	4	4.00	 	 	 	4	 	2	 	3	 	2	 	1	5	 	 	1	 	 	49.0	 
29 players used	1490	579	1257	2747	17.06	121	73	269	448	293	452	259	459	166	144	 	972	1685	75	105	355	111	91	 	 
[Top]
West Coast [Players Game by Game][Team Game by Game]
#  	Player  	GM  	KI  	MK  	HB  	DI  	DA  	GL  	BH  	HO  	TK  	RB  	IF  	CL  	CG  	FF  	FA  	BR  	CP  	UP  	CM  	MI  	1%  	BO  	GA  	%P  	SU  
9	Reid, Harley	7	76	17	84	160	22.86	4	4	 	15	5	25	31	44	15	17	 	73	82	1	3	8	16	2	81.1	 
18	McCarthy, Tom	7	113	37	33	146	20.86	 	1	 	17	32	23	11	15	4	4	 	29	87	4	 	6	6	2	78.4	 
14	Duggan, Liam	7	98	35	37	135	19.29	 	1	 	11	40	13	4	16	7	4	 	28	96	 	 	18	1	1	79.1	 
11	Kelly, Tim	6	65	20	67	132	22.00	 	2	 	17	5	31	25	21	3	5	 	56	78	 	 	5	3	6	72.8	 
1	Duursma, Willem	7	84	44	46	130	18.57	6	6	 	14	11	21	15	16	6	1	 	44	85	4	5	13	8	3	79.4	 
5	Lindsay, Josh	6	87	20	36	123	20.50	1	 	 	6	26	7	2	14	1	5	 	27	68	1	 	9	 	1	75.3	 
38	Davis, Hamish	7	52	29	46	98	14.00	1	 	 	17	11	13	6	14	4	4	 	35	64	2	1	7	1	1	79.9	 
3	Baker, Liam	6	47	17	48	95	15.83	5	2	 	17	10	11	7	30	5	15	 	38	54	 	4	5	1	2	80.8	 
26	Allan, Bo	7	52	22	41	93	13.29	2	1	 	9	7	17	7	24	3	9	 	34	59	3	1	4	4	2	80.0	 
17	Graham, Jack	5	48	11	40	88	17.60	2	 	 	33	6	16	15	26	9	15	 	36	54	 	 	 	 	3	74.0	 
19	Hough, Brady	7	54	40	34	88	12.57	 	1	 	12	21	9	3	11	2	4	 	13	77	1	 	16	 	2	81.4	 
20	Young, Tylar	7	65	33	21	86	12.29	 	 	 	4	20	6	 	12	5	7	 	26	56	3	 	25	 	1	85.9	 
6	Yeo, Elliot	5	46	9	39	85	17.00	7	1	 	24	1	20	16	14	4	5	 	42	43	 	2	5	2	2	62.0	 
7	Ginbey, Reuben	7	53	31	29	82	11.71	 	 	 	11	22	5	2	7	5	2	 	35	45	3	 	50	5	1	90.6	 
2	Waterman, Jake	7	64	44	17	81	11.57	12	20	 	7	3	15	 	14	8	7	 	30	56	8	19	9	 	2	86.0	 
47	Murdock, Milan	4	38	10	39	77	19.25	4	3	 	25	5	11	9	9	4	3	 	38	37	 	 	2	1	1	72.8	 
40	Robertson, Deven	4	37	9	37	74	18.50	 	 	 	22	5	15	15	13	3	3	 	39	39	 	 	4	 	1	74.5	 
35	Shanahan, Jobe	7	46	36	25	71	10.14	8	4	 	7	10	4	 	11	5	2	 	31	45	8	10	13	 	1	88.9	 
21	Duff-Tytler, Cooper	7	31	11	31	62	8.86	2	3	24	14	1	11	12	16	9	3	 	38	26	1	4	14	 	2	71.6	 
15	Cripps, Jamie	5	31	17	20	51	10.20	4	5	 	9	2	11	2	9	2	3	 	15	35	 	2	5	 	2	79.6	 
48	Schoenberg, Harry	4	25	9	23	48	12.00	1	2	 	9	1	6	4	6	1	2	 	16	32	 	1	1	 	1	80.0	 
23	Maric, Ryan	2	22	10	18	40	20.00	 	 	 	6	2	4	1	2	 	 	 	7	28	 	 	2	 	1	80.0	 
25	Flynn, Matt	4	16	3	23	39	9.75	1	 	75	17	4	4	15	12	4	8	 	27	15	1	1	8	 	2	73.3	 
32	Williams, Bailey	3	21	8	18	39	13.00	 	1	68	7	6	7	14	8	9	3	 	33	12	3	 	12	 	1	73.7	 
22	Reid, Archer	6	21	14	15	36	6.00	3	3	24	7	1	4	5	9	6	3	 	20	16	5	6	6	 	5	74.3	 
41	Brock, Sandy	4	22	15	13	35	8.75	 	 	 	3	9	2	1	8	1	4	 	14	26	2	 	18	 	 	81.0	 
8	Hewett, Elijah	3	13	9	21	34	11.33	 	1	 	8	1	3	3	8	1	2	 	12	24	1	 	1	 	 	72.0	 
46	Newton, Jacob	3	12	2	9	21	7.00	1	3	 	7	 	3	3	4	3	 	 	11	11	 	1	 	 	 	77.0	 
16	Owies, Matthew	2	9	4	3	12	6.00	1	 	 	8	 	5	 	3	2	1	 	5	7	 	1	 	 	1	72.0	 
37	Champion, Malakai	2	5	3	6	11	5.50	 	 	 	4	 	3	 	2	 	 	 	5	6	1	 	4	1	 	68.0	 
28	Cole, Tom	1	7	7	2	9	9.00	 	 	 	1	2	1	1	3	 	1	 	2	9	 	 	3	 	 	91.0	 
34	Williams, Jack	1	1	2	4	5	5.00	 	1	2	2	 	 	 	1	 	1	 	1	4	 	1	2	 	1	90.0	 
42	Edwards, Harry	1	1	 	 	1	1.00	 	 	 	 	1	 	 	1	 	1	 	1	1	 	 	1	 	 	16.0	 
33 players used	1362	578	925	2287	14.20	65	65	193	370	270	326	229	403	131	144	 	861	1377	52	62	276	49	50	 	 
[Top]
Western Bulldogs [Players Game by Game][Team Game by Game]
#  	Player  	GM  	KI  	MK  	HB  	DI  	DA  	GL  	BH  	HO  	TK  	RB  	IF  	CL  	CG  	FF  	FA  	BR  	CP  	UP  	CM  	MI  	1%  	BO  	GA  	%P  	SU  
4	Bontempelli, Marcus	7	95	29	91	186	26.57	10	2	1	26	15	45	34	27	6	6	 	78	113	2	9	21	2	11	85.1	 
8	Kennedy, Matthew	7	91	29	93	184	26.29	2	3	 	38	13	25	50	33	4	14	 	79	103	 	2	3	3	4	78.1	 
31	Dale, Bailey	7	122	27	42	164	23.43	 	1	 	10	36	6	4	20	3	3	 	30	86	2	 	11	8	2	80.9	 
34	Williams, Bailey	7	93	53	63	156	22.29	5	7	 	21	17	19	8	14	7	4	 	37	120	 	6	4	1	2	85.7	 
9	Sanders, Ryley	6	47	18	105	152	25.33	 	 	 	26	8	15	28	21	6	7	 	64	88	 	 	4	 	2	80.3	 
20	Richards, Ed	6	91	24	57	148	24.67	3	 	 	37	12	37	31	21	4	7	 	58	88	 	2	6	11	6	78.5	 
27	Freijah, Joel	7	66	27	72	138	19.71	4	3	 	24	7	18	17	27	4	11	 	44	93	 	3	13	6	6	88.6	 
29	Bramble, Lachlan	7	56	18	53	109	15.57	3	2	 	10	13	20	4	7	1	3	 	22	74	 	1	5	5	4	79.3	 
19	Budarick, Connor	5	70	23	37	107	21.40	1	 	 	9	19	8	8	14	6	2	 	24	70	 	 	7	2	 	79.8	 
11	Jaques, Lachie	6	68	29	37	105	17.50	 	1	 	16	17	13	3	12	8	2	 	23	74	1	 	11	2	2	77.7	 
14	West, Rhylee	7	49	19	52	101	14.43	1	7	 	18	3	15	7	14	6	8	 	38	66	 	4	5	2	6	78.0	 
21	Liberatore, Tom	4	52	14	46	98	24.50	1	 	 	22	15	17	17	10	2	3	 	34	62	 	 	6	 	2	68.0	 
13	Baker, Oskar	7	52	32	36	88	12.57	8	2	 	8	5	14	6	13	1	6	 	21	64	1	7	12	4	2	68.3	 
37	Sellwood, Michael	7	56	31	31	87	12.43	 	 	 	19	26	7	2	20	7	8	 	36	50	3	 	16	 	 	77.9	 
42	Davidson, Sam	7	58	22	24	82	11.71	3	4	 	15	6	13	4	10	4	4	 	25	62	2	3	10	4	2	74.3	 
24	Khamis, Buku	7	47	30	26	73	10.43	 	 	 	9	11	2	1	13	3	6	 	16	54	1	 	51	1	 	96.0	 
10	Darcy, Sam	6	44	21	25	69	11.50	12	9	27	11	1	10	5	20	14	10	 	41	29	10	10	12	 	4	72.8	 
6	Hynes, Cooper	6	31	10	36	67	11.17	3	2	 	18	6	7	5	13	2	4	 	24	45	 	2	6	 	1	69.5	 
33	Naughton, Aaron	7	49	34	18	67	9.57	19	8	1	11	 	9	1	12	10	4	 	29	39	9	17	7	1	5	80.1	 
7	Lobb, Rory	6	53	29	11	64	10.67	 	1	26	5	27	3	 	12	1	1	 	18	43	4	 	44	1	 	94.0	 
44	English, Tim	4	36	16	25	61	15.25	2	 	108	9	5	13	13	5	11	3	 	32	34	3	2	15	 	1	73.3	 
18	ODonnell, James	6	33	19	20	53	8.83	 	 	1	10	16	4	 	9	5	5	 	23	33	2	 	47	 	 	86.2	 
26	Dolan, Josh	3	18	11	21	39	13.00	3	3	 	3	 	9	 	4	1	1	 	10	29	 	4	1	1	3	73.0	 
16	Croft, Jordan	5	17	10	18	35	7.00	4	3	14	6	 	6	4	7	3	4	 	19	17	2	5	6	 	3	61.8	 
25	Emmett, Louis	3	11	6	18	29	9.67	 	1	24	9	1	5	7	5	4	2	 	17	13	 	2	6	 	 	61.0	 
1	Treloar, Adam	1	9	4	16	25	25.00	 	 	 	2	2	1	4	2	1	 	 	7	18	 	 	 	 	 	61.0	 
28	Lewis, Will	3	13	6	11	24	8.00	2	1	2	3	 	6	1	10	5	4	 	8	16	 	2	2	 	3	72.7	 
5	Busslinger, Jedd	1	14	5	5	19	19.00	 	 	 	1	5	2	1	2	1	1	 	7	13	 	 	13	 	 	96.0	 
32	Jones, Arthur	2	8	5	9	17	8.50	3	1	 	4	 	3	 	2	1	 	 	4	13	1	3	 	 	1	53.0	 
12	Gallagher, Harvey	1	6	1	4	10	10.00	1	 	 	 	 	3	 	2	1	 	 	4	6	 	 	 	 	 	75.0	 
40	Smith, Lachlan	1	3	1	7	10	10.00	 	 	13	5	1	1	4	2	2	1	 	10	2	 	 	1	 	 	73.0	 
30	McNeil, Lachlan	1	2	 	6	8	8.00	 	1	 	 	1	 	 	2	1	 	 	6	3	 	 	 	 	 	45.0	 
43	Gardner, Ryan	1	4	 	1	5	5.00	 	 	 	 	1	1	 	2	 	1	 	 	3	 	 	12	 	 	90.0	 
33 players used	1464	603	1116	2580	16.02	90	62	217	405	289	357	269	387	135	135	 	888	1623	43	84	357	54	72	 	